{
 "cells": [
  {
   "cell_type": "markdown",
   "metadata": {},
   "source": [
    "### Octave/Matlab example:\n",
    "\n",
    "**Input**\n",
    "```\n",
    "% Initialize matrix A \n",
    "A = [1,2,0;0,5,6;7,0,9]\n",
    "\n",
    "% Transpose A \n",
    "A_trans = A' \n",
    "\n",
    "% Take the inverse of A \n",
    "A_inv = inv(A)\n",
    "\n",
    "% What is A^(-1)*A? \n",
    "A_invA = inv(A)*A\n",
    "```\n",
    "**Output**\n",
    "```\n",
    "A =\n",
    "\n",
    "   1   2   0\n",
    "   0   5   6\n",
    "   7   0   9\n",
    "\n",
    "A_trans =\n",
    "\n",
    "   1   0   7\n",
    "   2   5   0\n",
    "   0   6   9\n",
    "\n",
    "A_inv =\n",
    "\n",
    "   0.348837  -0.139535   0.093023\n",
    "   0.325581   0.069767  -0.046512\n",
    "  -0.271318   0.108527   0.038760\n",
    "\n",
    "A_invA =\n",
    "\n",
    "   1.00000  -0.00000   0.00000\n",
    "   0.00000   1.00000  -0.00000\n",
    "  -0.00000   0.00000   1.00000\n",
    "```"
   ]
  },
  {
   "cell_type": "markdown",
   "metadata": {},
   "source": [
    "### I'm going to do it in python/numpy:"
   ]
  },
  {
   "cell_type": "code",
   "execution_count": 8,
   "metadata": {},
   "outputs": [
    {
     "data": {
      "text/plain": [
       "array([[1, 2, 0],\n",
       "       [0, 5, 6],\n",
       "       [7, 0, 9]])"
      ]
     },
     "execution_count": 8,
     "metadata": {},
     "output_type": "execute_result"
    }
   ],
   "source": [
    "import numpy as np\n",
    "\n",
    "A = np.array([[1,2,0],[0,5,6],[7,0,9]])\n",
    "A"
   ]
  },
  {
   "cell_type": "code",
   "execution_count": 9,
   "metadata": {},
   "outputs": [
    {
     "data": {
      "text/plain": [
       "array([[1, 0, 7],\n",
       "       [2, 5, 0],\n",
       "       [0, 6, 9]])"
      ]
     },
     "execution_count": 9,
     "metadata": {},
     "output_type": "execute_result"
    }
   ],
   "source": [
    "A.transpose()"
   ]
  },
  {
   "cell_type": "code",
   "execution_count": 17,
   "metadata": {},
   "outputs": [
    {
     "data": {
      "text/plain": [
       "array([[ 0.34883721, -0.13953488,  0.09302326],\n",
       "       [ 0.3255814 ,  0.06976744, -0.04651163],\n",
       "       [-0.27131783,  0.10852713,  0.03875969]])"
      ]
     },
     "execution_count": 17,
     "metadata": {},
     "output_type": "execute_result"
    }
   ],
   "source": [
    "from numpy.linalg import inv\n",
    "invA = inv(A)\n",
    "invA"
   ]
  },
  {
   "cell_type": "code",
   "execution_count": 19,
   "metadata": {},
   "outputs": [
    {
     "data": {
      "text/plain": [
       "array([[  1.00000000e+00,   0.00000000e+00,   1.80411242e-16],\n",
       "       [  2.08166817e-17,   1.00000000e+00,   3.46944695e-17],\n",
       "       [ -3.46944695e-17,   0.00000000e+00,   1.00000000e+00]])"
      ]
     },
     "execution_count": 19,
     "metadata": {},
     "output_type": "execute_result"
    }
   ],
   "source": [
    "np.dot(invA, A)"
   ]
  }
 ],
 "metadata": {
  "kernelspec": {
   "display_name": "Python 3",
   "language": "python",
   "name": "python3"
  },
  "language_info": {
   "codemirror_mode": {
    "name": "ipython",
    "version": 3
   },
   "file_extension": ".py",
   "mimetype": "text/x-python",
   "name": "python",
   "nbconvert_exporter": "python",
   "pygments_lexer": "ipython3",
   "version": "3.6.2"
  }
 },
 "nbformat": 4,
 "nbformat_minor": 2
}
